dataset: train_encoded.csv
model: ElasticNet
timestamp: 2026-06-21T12:29:38
num_samples: 1070
num_features: 8
MSE: 37280410.85293097
RMSE: 6105.768653734841
MAE: 4204.136072588732
R2: 0.741706676839313
AMSE: 38114999.63696501
best_params: {'alpha': 0.001, 'l1_ratio': 0.5}
