dataset: train_encoded.csv
model: LinearRegression
timestamp: 2026-06-21T12:15:16
num_samples: 1070
num_features: 8
MSE: 37277681.70201866
RMSE: 6105.545160099847
MAE: 4208.234572492222
R2: 0.7417255854683333
AMSE: 38118421.55392993
best_params: {'fit_intercept': True}
