dataset: train_encoded.csv
model: RandomForestRegressor
timestamp: 2026-06-21T12:30:50
num_samples: 1070
num_features: 8
MSE: 13866328.41204747
RMSE: 3723.7519267598195
MAE: 2055.2491008504912
R2: 0.9039286326614179
AMSE: 21878048.781910338
best_params: {'max_depth': 8, 'min_samples_leaf': 4, 'min_samples_split': 10, 'n_estimators': 200}
